0,-10,-9.8,-9.6,-9.4,-9.2,-9,-8.8,-8.6,-8.4,-8.2,-8,-7.8,-7.6,-7.4,-7.2,-7,-6.8,-6.6,-6.4,-6.2,-6,-5.8,-5.6,-5.4,-5.2,-5,-4.8,-4.6,-4.4,-4.2,-4,-3.8,-3.6,-3.4,-3.2,-3,-2.8,-2.6,-2.4,-2.2,-2,-1.8,-1.6,-1.4,-1.2,-1,-0.8,-0.6,-0.4,-0.2,-3.55271E-14,0.2,0.4,0.6,0.8,1,1.2,1.4,1.6,1.8,2,2.2,2.4,2.6,2.8,3,3.2,3.4,3.6,3.8,4,4.2,4.4,4.6,4.8,5,5.2,5.4,5.6,5.8,6,6.2,6.4,6.6,6.8,7,7.2,7.4,7.6,7.8,8,8.2,8.4,8.6,8.8,9,9.2,9.4,9.6,9.8
-10,5.92068E-45,4.2882E-44,2.98405E-43,1.99511E-42,1.2816E-41,7.90987E-41,4.69044E-40,2.67231E-39,1.46281E-38,7.69335E-38,3.88752E-37,1.88737E-36,8.80382E-36,3.9456E-35,1.69896E-34,7.0288E-34,2.79388E-33,1.06699E-32,3.91512E-32,1.38024E-31,4.67515E-31,1.52147E-30,4.75728E-30,1.42917E-29,4.1251E-29,1.14397E-28,3.04806E-28,7.80298E-28,1.91922E-27,4.53543E-27,1.02977E-26,2.24641E-26,4.70834E-26,9.48143E-26,1.83446E-25,3.41013E-25,6.09062E-25,1.04515E-24,1.72317E-24,2.72963E-24,4.15439E-24,6.0749E-24,8.53491E-24,1.15209E-23,1.49418E-23,1.86187E-23,2.22906E-23,2.56403E-23,2.83369E-23,3.00892E-23,3.0697E-23,3.00892E-23,2.83369E-23,2.56403E-23,2.22906E-23,1.86187E-23,1.49418E-23,1.15209E-23,8.53491E-24,6.0749E-24,4.15439E-24,2.72963E-24,1.72317E-24,1.04515E-24,6.09062E-25,3.41013E-25,1.83446E-25,9.48143E-26,4.70834E-26,2.24641E-26,1.02977E-26,4.53543E-27,1.91922E-27,7.80298E-28,3.04806E-28,1.14397E-28,4.1251E-29,1.42917E-29,4.75728E-30,1.52147E-30,4.67515E-31,1.38024E-31,3.91512E-32,1.06699E-32,2.79388E-33,7.0288E-34,1.69896E-34,3.9456E-35,8.80382E-36,1.88737E-36,3.88752E-37,7.69335E-38,1.46281E-38,2.67231E-39,4.69044E-40,7.90987E-41,1.2816E-41,1.99511E-42,2.98405E-43,4.2882E-44
-9.8,4.2882E-44,3.10583E-43,2.16127E-42,1.445E-41,9.28232E-41,5.72892E-40,3.39717E-39,1.93548E-38,1.05947E-37,5.5721E-37,2.81563E-36,1.36698E-35,6.37638E-35,2.8577E-34,1.23051E-33,5.09078E-33,2.02353E-32,7.72797E-32,2.83562E-31,9.99676E-31,3.38609E-30,1.10196E-29,3.44557E-29,1.03511E-28,2.98771E-28,8.28549E-28,2.20763E-27,5.6515E-27,1.39004E-26,3.2849E-26,7.45836E-26,1.62702E-25,3.41013E-25,6.86716E-25,1.32865E-24,2.46987E-24,4.41128E-24,7.56979E-24,1.24805E-23,1.977E-23,3.00892E-23,4.39989E-23,6.18162E-23,8.34431E-23,1.0822E-22,1.3485E-22,1.61445E-22,1.85706E-22,2.05237E-22,2.17928E-22,2.22331E-22,2.17928E-22,2.05237E-22,1.85706E-22,1.61445E-22,1.3485E-22,1.0822E-22,8.34431E-23,6.18162E-23,4.39989E-23,3.00892E-23,1.977E-23,1.24805E-23,7.56979E-24,4.41128E-24,2.46987E-24,1.32865E-24,6.86716E-25,3.41013E-25,1.62702E-25,7.45836E-26,3.2849E-26,1.39004E-26,5.6515E-27,2.20763E-27,8.28549E-28,2.98771E-28,1.03511E-28,3.44557E-29,1.10196E-29,3.38609E-30,9.99676E-31,2.83562E-31,7.72797E-32,2.02353E-32,5.09078E-33,1.23051E-33,2.8577E-34,6.37638E-35,1.36698E-35,2.81563E-36,5.5721E-37,1.05947E-37,1.93548E-38,3.39717E-39,5.72892E-40,9.28232E-41,1.445E-41,2.16127E-42,3.10583E-43
-9.6,2.98405E-43,2.16127E-42,1.50398E-41,1.00554E-40,6.45934E-40,3.98661E-39,2.364E-38,1.34685E-37,7.37261E-37,3.87748E-36,1.95933E-35,9.51245E-35,4.43717E-34,1.9886E-33,8.56283E-33,3.54255E-32,1.40813E-31,5.3777E-31,1.97324E-30,6.95649E-30,2.3563E-29,7.66827E-29,2.39769E-28,7.20306E-28,2.07907E-27,5.76566E-27,1.53624E-26,3.93274E-26,9.67297E-26,2.28588E-25,5.19009E-25,1.1322E-24,2.37302E-24,4.77868E-24,9.24576E-24,1.71872E-23,3.0697E-23,5.26763E-23,8.68485E-23,1.37574E-22,2.09383E-22,3.06178E-22,4.30163E-22,5.8066E-22,7.53075E-22,9.3839E-22,1.12346E-21,1.29228E-21,1.42819E-21,1.51651E-21,1.54714E-21,1.51651E-21,1.42819E-21,1.29228E-21,1.12346E-21,9.3839E-22,7.53075E-22,5.8066E-22,4.30163E-22,3.06178E-22,2.09383E-22,1.37574E-22,8.68485E-23,5.26763E-23,3.0697E-23,1.71872E-23,9.24576E-24,4.77868E-24,2.37302E-24,1.1322E-24,5.19009E-25,2.28588E-25,9.67297E-26,3.93274E-26,1.53624E-26,5.76566E-27,2.07907E-27,7.20306E-28,2.39769E-28,7.66827E-29,2.3563E-29,6.95649E-30,1.97324E-30,5.3777E-31,1.40813E-31,3.54255E-32,8.56283E-33,1.9886E-33,4.43717E-34,9.51245E-35,1.95933E-35,3.87748E-36,7.37261E-37,1.34685E-37,2.364E-38,3.98661E-39,6.45934E-40,1.00554E-40,1.50398E-41,2.16127E-42
-9.4,1.99511E-42,1.445E-41,1.00554E-40,6.72295E-40,4.31864E-39,2.66541E-38,1.58055E-37,9.00492E-37,4.92925E-36,2.59244E-35,1.30999E-34,6.35992E-34,2.96664E-33,1.32956E-32,5.72502E-32,2.36851E-31,9.41459E-31,3.59547E-30,1.31929E-29,4.65104E-29,1.57539E-28,5.12692E-28,1.60307E-27,4.81589E-27,1.39004E-26,3.85486E-26,1.02711E-25,2.62939E-25,6.46725E-25,1.52831E-24,3.47004E-24,7.56979E-24,1.58658E-23,3.19498E-23,6.18162E-23,1.14912E-22,2.05237E-22,3.52188E-22,5.8066E-22,9.19808E-22,1.39991E-21,2.04707E-21,2.87603E-21,3.88223E-21,5.03498E-21,6.27397E-21,7.51131E-21,8.64006E-21,9.54875E-21,1.01392E-20,1.0344E-20,1.01392E-20,9.54875E-21,8.64006E-21,7.51131E-21,6.27397E-21,5.03498E-21,3.88223E-21,2.87603E-21,2.04707E-21,1.39991E-21,9.19808E-22,5.8066E-22,3.52188E-22,2.05237E-22,1.14912E-22,6.18162E-23,3.19498E-23,1.58658E-23,7.56979E-24,3.47004E-24,1.52831E-24,6.46725E-25,2.62939E-25,1.02711E-25,3.85486E-26,1.39004E-26,4.81589E-27,1.60307E-27,5.12692E-28,1.57539E-28,4.65104E-29,1.31929E-29,3.59547E-30,9.41459E-31,2.36851E-31,5.72502E-32,1.32956E-32,2.96664E-33,6.35992E-34,1.30999E-34,2.59244E-35,4.92925E-36,9.00492E-37,1.58055E-37,2.66541E-38,4.31864E-39,6.72295E-40,1.00554E-40,1.445E-41
-9.2,1.2816E-41,9.28232E-41,6.45934E-40,4.31864E-39,2.77418E-38,1.71219E-37,1.0153E-36,5.78453E-36,3.16642E-35,1.66532E-34,8.415E-34,4.08545E-33,1.90569E-32,8.54073E-32,3.6776E-31,1.52147E-30,6.04769E-30,2.30964E-29,8.47475E-29,2.98771E-28,1.01199E-27,3.2934E-27,1.02977E-26,3.0936E-26,8.92928E-26,2.47626E-25,6.59789E-25,1.68905E-24,4.15439E-24,9.81749E-24,2.22906E-23,4.86263E-23,1.01918E-22,2.05237E-22,3.97091E-22,7.38163E-22,1.31839E-21,2.26236E-21,3.73001E-21,5.90861E-21,8.99267E-21,1.31498E-20,1.84748E-20,2.49384E-20,3.23434E-20,4.03024E-20,4.82507E-20,5.55015E-20,6.13386E-20,6.51316E-20,6.64473E-20,6.51316E-20,6.13386E-20,5.55015E-20,4.82507E-20,4.03024E-20,3.23434E-20,2.49384E-20,1.84748E-20,1.31498E-20,8.99267E-21,5.90861E-21,3.73001E-21,2.26236E-21,1.31839E-21,7.38163E-22,3.97091E-22,2.05237E-22,1.01918E-22,4.86263E-23,2.22906E-23,9.81749E-24,4.15439E-24,1.68905E-24,6.59789E-25,2.47626E-25,8.92928E-26,3.0936E-26,1.02977E-26,3.2934E-27,1.01199E-27,2.98771E-28,8.47475E-29,2.30964E-29,6.04769E-30,1.52147E-30,3.6776E-31,8.54073E-32,1.90569E-32,4.08545E-33,8.415E-34,1.66532E-34,3.16642E-35,5.78453E-36,1.0153E-36,1.71219E-37,2.77418E-38,4.31864E-39,6.45934E-40,9.28232E-41
-9,7.90987E-41,5.72892E-40,3.98661E-39,2.66541E-38,1.71219E-37,1.05674E-36,6.2663E-36,3.57013E-35,1.95427E-34,1.02781E-33,5.19362E-33,2.52148E-32,1.17617E-31,5.27121E-31,2.26976E-30,9.39029E-30,3.73255E-29,1.42548E-28,5.23049E-28,1.84397E-27,6.24587E-27,2.03264E-26,6.35559E-26,1.90933E-25,5.51102E-25,1.52831E-24,4.07213E-24,1.04246E-23,2.56403E-23,6.05921E-23,1.37574E-22,3.00115E-22,6.29021E-22,1.26669E-21,2.45079E-21,4.55584E-21,8.1369E-21,1.3963E-20,2.30211E-20,3.64671E-20,5.55015E-20,8.1159E-20,1.14024E-19,1.53916E-19,1.99619E-19,2.4874E-19,2.97796E-19,3.42547E-19,3.78573E-19,4.01983E-19,4.10104E-19,4.01983E-19,3.78573E-19,3.42547E-19,2.97796E-19,2.4874E-19,1.99619E-19,1.53916E-19,1.14024E-19,8.1159E-20,5.55015E-20,3.64671E-20,2.30211E-20,1.3963E-20,8.1369E-21,4.55584E-21,2.45079E-21,1.26669E-21,6.29021E-22,3.00115E-22,1.37574E-22,6.05921E-23,2.56403E-23,1.04246E-23,4.07213E-24,1.52831E-24,5.51102E-25,1.90933E-25,6.35559E-26,2.03264E-26,6.24587E-27,1.84397E-27,5.23049E-28,1.42548E-28,3.73255E-29,9.39029E-30,2.26976E-30,5.27121E-31,1.17617E-31,2.52148E-32,5.19362E-33,1.02781E-33,1.95427E-34,3.57013E-35,6.2663E-36,1.05674E-36,1.71219E-37,2.66541E-38,3.98661E-39,5.72892E-40
-8.8,4.69044E-40,3.39717E-39,2.364E-38,1.58055E-37,1.0153E-36,6.2663E-36,3.71583E-35,2.11703E-34,1.15885E-33,6.09477E-33,3.07974E-32,1.4952E-31,6.9745E-31,3.12575E-30,1.34594E-29,5.5683E-29,2.21335E-28,8.45287E-28,3.10161E-27,1.09345E-26,3.70371E-26,1.20533E-25,3.76878E-25,1.1322E-24,3.26796E-24,9.06268E-24,2.41471E-23,6.18162E-23,1.52043E-22,3.59303E-22,8.15797E-22,1.77964E-21,3.73001E-21,7.51131E-21,1.45328E-20,2.70155E-20,4.82507E-20,8.27985E-20,1.36512E-19,2.16245E-19,3.29116E-19,4.81261E-19,6.76147E-19,9.12702E-19,1.18371E-18,1.475E-18,1.76589E-18,2.03126E-18,2.24489E-18,2.3837E-18,2.43186E-18,2.3837E-18,2.24489E-18,2.03126E-18,1.76589E-18,1.475E-18,1.18371E-18,9.12702E-19,6.76147E-19,4.81261E-19,3.29116E-19,2.16245E-19,1.36512E-19,8.27985E-20,4.82507E-20,2.70155E-20,1.45328E-20,7.51131E-21,3.73001E-21,1.77964E-21,8.15797E-22,3.59303E-22,1.52043E-22,6.18162E-23,2.41471E-23,9.06268E-24,3.26796E-24,1.1322E-24,3.76878E-25,1.20533E-25,3.70371E-26,1.09345E-26,3.10161E-27,8.45287E-28,2.21335E-28,5.5683E-29,1.34594E-29,3.12575E-30,6.9745E-31,1.4952E-31,3.07974E-32,6.09477E-33,1.15885E-33,2.11703E-34,3.71583E-35,6.2663E-36,1.0153E-36,1.58055E-37,2.364E-38,3.39717E-39
-8.6,2.67231E-39,1.93548E-38,1.34685E-37,9.00492E-37,5.78453E-36,3.57013E-35,2.11703E-34,1.20615E-33,6.60239E-33,3.4724E-32,1.75463E-31,8.51868E-31,3.97361E-30,1.78085E-29,7.66827E-29,3.17245E-28,1.26102E-27,4.81589E-27,1.76709E-26,6.22974E-26,2.11013E-25,6.86716E-25,2.1472E-24,6.45055E-24,1.86187E-23,5.16332E-23,1.37574E-22,3.52188E-22,8.66243E-22,2.04707E-21,4.64787E-21,1.01392E-20,2.12511E-20,4.27945E-20,8.27985E-20,1.53916E-19,2.74901E-19,4.71731E-19,7.77754E-19,1.23202E-18,1.87509E-18,2.74191E-18,3.85224E-18,5.19998E-18,6.74401E-18,8.40355E-18,1.00609E-17,1.15728E-17,1.27899E-17,1.35808E-17,1.38551E-17,1.35808E-17,1.27899E-17,1.15728E-17,1.00609E-17,8.40355E-18,6.74401E-18,5.19998E-18,3.85224E-18,2.74191E-18,1.87509E-18,1.23202E-18,7.77754E-19,4.71731E-19,2.74901E-19,1.53916E-19,8.27985E-20,4.27945E-20,2.12511E-20,1.01392E-20,4.64787E-21,2.04707E-21,8.66243E-22,3.52188E-22,1.37574E-22,5.16332E-23,1.86187E-23,6.45055E-24,2.1472E-24,6.86716E-25,2.11013E-25,6.22974E-26,1.76709E-26,4.81589E-27,1.26102E-27,3.17245E-28,7.66827E-29,1.78085E-29,3.97361E-30,8.51868E-31,1.75463E-31,3.4724E-32,6.60239E-33,1.20615E-33,2.11703E-34,3.57013E-35,5.78453E-36,9.00492E-37,1.34685E-37,1.93548E-38
-8.4,1.46281E-38,1.05947E-37,7.37261E-37,4.92925E-36,3.16642E-35,1.95427E-34,1.15885E-33,6.60239E-33,3.61411E-32,1.90077E-31,9.60478E-31,4.66308E-30,2.17513E-29,9.74828E-29,4.19757E-28,1.73658E-27,6.90275E-27,2.63619E-26,9.67297E-26,3.41013E-25,1.15507E-24,3.75905E-24,1.17537E-23,3.531E-23,1.01918E-22,2.82638E-22,7.53075E-22,1.92786E-21,4.74177E-21,1.12056E-20,2.54422E-20,5.55015E-20,1.16328E-19,2.34255E-19,4.53235E-19,8.42531E-19,1.50479E-18,2.58223E-18,4.25738E-18,6.74401E-18,1.02641E-17,1.50091E-17,2.1087E-17,2.84644E-17,3.69164E-17,4.60006E-17,5.50727E-17,6.33487E-17,7.00112E-17,7.43404E-17,7.58422E-17,7.43404E-17,7.00112E-17,6.33487E-17,5.50727E-17,4.60006E-17,3.69164E-17,2.84644E-17,2.1087E-17,1.50091E-17,1.02641E-17,6.74401E-18,4.25738E-18,2.58223E-18,1.50479E-18,8.42531E-19,4.53235E-19,2.34255E-19,1.16328E-19,5.55015E-20,2.54422E-20,1.12056E-20,4.74177E-21,1.92786E-21,7.53075E-22,2.82638E-22,1.01918E-22,3.531E-23,1.17537E-23,3.75905E-24,1.15507E-24,3.41013E-25,9.67297E-26,2.63619E-26,6.90275E-27,1.73658E-27,4.19757E-28,9.74828E-29,2.17513E-29,4.66308E-30,9.60478E-31,1.90077E-31,3.61411E-32,6.60239E-33,1.15885E-33,1.95427E-34,3.16642E-35,4.92925E-36,7.37261E-37,1.05947E-37
-8.2,7.69335E-38,5.5721E-37,3.87748E-36,2.59244E-35,1.66532E-34,1.02781E-33,6.09477E-33,3.4724E-32,1.90077E-31,9.99676E-31,5.05145E-30,2.45246E-29,1.14397E-28,5.12692E-28,2.20763E-27,9.13324E-27,3.63037E-26,1.38646E-25,5.08732E-25,1.79349E-24,6.0749E-24,1.977E-23,6.18162E-23,1.85706E-22,5.36017E-22,1.48648E-21,3.96066E-21,1.01392E-20,2.49384E-20,5.89335E-20,1.33809E-19,2.919E-19,6.11803E-19,1.23202E-18,2.3837E-18,4.43113E-18,7.91417E-18,1.35808E-17,2.23909E-17,3.54688E-17,5.39822E-17,7.89374E-17,1.10903E-16,1.49703E-16,1.94155E-16,2.41931E-16,2.89645E-16,3.33171E-16,3.6821E-16,3.90979E-16,3.98878E-16,3.90979E-16,3.6821E-16,3.33171E-16,2.89645E-16,2.41931E-16,1.94155E-16,1.49703E-16,1.10903E-16,7.89374E-17,5.39822E-17,3.54688E-17,2.23909E-17,1.35808E-17,7.91417E-18,4.43113E-18,2.3837E-18,1.23202E-18,6.11803E-19,2.919E-19,1.33809E-19,5.89335E-20,2.49384E-20,1.01392E-20,3.96066E-21,1.48648E-21,5.36017E-22,1.85706E-22,6.18162E-23,1.977E-23,6.0749E-24,1.79349E-24,5.08732E-25,1.38646E-25,3.63037E-26,9.13324E-27,2.20763E-27,5.12692E-28,1.14397E-28,2.45246E-29,5.05145E-30,9.99676E-31,1.90077E-31,3.4724E-32,6.09477E-33,1.02781E-33,1.66532E-34,2.59244E-35,3.87748E-36,5.5721E-37
-8,3.88752E-37,2.81563E-36,1.95933E-35,1.30999E-34,8.415E-34,5.19362E-33,3.07974E-32,1.75463E-31,9.60478E-31,5.05145E-30,2.55254E-29,1.23925E-28,5.78059E-28,2.59068E-27,1.11554E-26,4.61511E-26,1.83446E-25,7.00588E-25,2.57067E-24,9.06268E-24,3.0697E-23,9.98995E-23,3.12363E-22,9.3839E-22,2.70854E-21,7.51131E-21,2.00136E-20,5.12343E-20,1.26016E-19,2.97796E-19,6.76147E-19,1.475E-18,3.09149E-18,6.22551E-18,1.20451E-17,2.23909E-17,3.9991E-17,6.86248E-17,1.13143E-16,1.79227E-16,2.72777E-16,3.98878E-16,5.60402E-16,7.56464E-16,9.81081E-16,1.2225E-15,1.4636E-15,1.68354E-15,1.8606E-15,1.97565E-15,2.01556E-15,1.97565E-15,1.8606E-15,1.68354E-15,1.4636E-15,1.2225E-15,9.81081E-16,7.56464E-16,5.60402E-16,3.98878E-16,2.72777E-16,1.79227E-16,1.13143E-16,6.86248E-17,3.9991E-17,2.23909E-17,1.20451E-17,6.22551E-18,3.09149E-18,1.475E-18,6.76147E-19,2.97796E-19,1.26016E-19,5.12343E-20,2.00136E-20,7.51131E-21,2.70854E-21,9.3839E-22,3.12363E-22,9.98995E-23,3.0697E-23,9.06268E-24,2.57067E-24,7.00588E-25,1.83446E-25,4.61511E-26,1.11554E-26,2.59068E-27,5.78059E-28,1.23925E-28,2.55254E-29,5.05145E-30,9.60478E-31,1.75463E-31,3.07974E-32,5.19362E-33,8.415E-34,1.30999E-34,1.95933E-35,2.81563E-36
-7.8,1.88737E-36,1.36698E-35,9.51245E-35,6.35992E-34,4.08545E-33,2.52148E-32,1.4952E-31,8.51868E-31,4.66308E-30,2.45246E-29,1.23925E-28,6.0165E-28,2.80645E-27,1.25776E-26,5.41588E-26,2.24061E-25,8.90622E-25,3.40133E-24,1.24805E-23,4.39989E-23,1.49033E-22,4.85008E-22,1.51651E-21,4.55584E-21,1.31498E-20,3.64671E-20,9.71649E-20,2.4874E-19,6.11803E-19,1.44579E-18,3.28266E-18,7.16104E-18,1.50091E-17,3.02246E-17,5.84782E-17,1.08707E-16,1.94155E-16,3.33171E-16,5.49305E-16,8.7014E-16,1.32432E-15,1.93653E-15,2.72073E-15,3.6726E-15,4.7631E-15,5.93519E-15,7.10571E-15,8.17352E-15,9.03313E-15,9.59171E-15,9.78548E-15,9.59171E-15,9.03313E-15,8.17352E-15,7.10571E-15,5.93519E-15,4.7631E-15,3.6726E-15,2.72073E-15,1.93653E-15,1.32432E-15,8.7014E-16,5.49305E-16,3.33171E-16,1.94155E-16,1.08707E-16,5.84782E-17,3.02246E-17,1.50091E-17,7.16104E-18,3.28266E-18,1.44579E-18,6.11803E-19,2.4874E-19,9.71649E-20,3.64671E-20,1.31498E-20,4.55584E-21,1.51651E-21,4.85008E-22,1.49033E-22,4.39989E-23,1.24805E-23,3.40133E-24,8.90622E-25,2.24061E-25,5.41588E-26,1.25776E-26,2.80645E-27,6.0165E-28,1.23925E-28,2.45246E-29,4.66308E-30,8.51868E-31,1.4952E-31,2.52148E-32,4.08545E-33,6.35992E-34,9.51245E-35,1.36698E-35
-7.6,8.80382E-36,6.37638E-35,4.43717E-34,2.96664E-33,1.90569E-32,1.17617E-31,6.9745E-31,3.97361E-30,2.17513E-29,1.14397E-28,5.78059E-28,2.80645E-27,1.30909E-26,5.86695E-26,2.52629E-25,1.04515E-24,4.15439E-24,1.58658E-23,5.82163E-23,2.05237E-22,6.95176E-22,2.26236E-21,7.07389E-21,2.12511E-20,6.13386E-20,1.70104E-19,4.53235E-19,1.16027E-18,2.85381E-18,6.74401E-18,1.53123E-17,3.34033E-17,7.00112E-17,1.40985E-16,2.72777E-16,5.07073E-16,9.05652E-16,1.5541E-15,2.56228E-15,4.05885E-15,6.17741E-15,9.03313E-15,1.26911E-14,1.71312E-14,2.22179E-14,2.76852E-14,3.31452E-14,3.81261E-14,4.21359E-14,4.47414E-14,4.56452E-14,4.47414E-14,4.21359E-14,3.81261E-14,3.31452E-14,2.76852E-14,2.22179E-14,1.71312E-14,1.26911E-14,9.03313E-15,6.17741E-15,4.05885E-15,2.56228E-15,1.5541E-15,9.05652E-16,5.07073E-16,2.72777E-16,1.40985E-16,7.00112E-17,3.34033E-17,1.53123E-17,6.74401E-18,2.85381E-18,1.16027E-18,4.53235E-19,1.70104E-19,6.13386E-20,2.12511E-20,7.07389E-21,2.26236E-21,6.95176E-22,2.05237E-22,5.82163E-23,1.58658E-23,4.15439E-24,1.04515E-24,2.52629E-25,5.86695E-26,1.30909E-26,2.80645E-27,5.78059E-28,1.14397E-28,2.17513E-29,3.97361E-30,6.9745E-31,1.17617E-31,1.90569E-32,2.96664E-33,4.43717E-34,6.37638E-35
-7.4,3.9456E-35,2.8577E-34,1.9886E-33,1.32956E-32,8.54073E-32,5.27121E-31,3.12575E-30,1.78085E-29,9.74828E-29,5.12692E-28,2.59068E-27,1.25776E-26,5.86695E-26,2.62939E-25,1.1322E-24,4.68406E-24,1.86187E-23,7.11055E-23,2.60907E-22,9.19808E-22,3.11556E-21,1.01392E-20,3.1703E-20,9.52409E-20,2.74901E-19,7.62353E-19,2.03126E-18,5.19998E-18,1.27899E-17,3.02246E-17,6.86248E-17,1.49703E-16,3.13768E-16,6.31852E-16,1.2225E-15,2.27254E-15,4.05885E-15,6.96501E-15,1.14834E-14,1.81905E-14,2.76852E-14,4.04837E-14,5.68775E-14,7.67766E-14,9.95738E-14,1.24077E-13,1.48547E-13,1.70869E-13,1.8884E-13,2.00517E-13,2.04568E-13,2.00517E-13,1.8884E-13,1.70869E-13,1.48547E-13,1.24077E-13,9.95738E-14,7.67766E-14,5.68775E-14,4.04837E-14,2.76852E-14,1.81905E-14,1.14834E-14,6.96501E-15,4.05885E-15,2.27254E-15,1.2225E-15,6.31852E-16,3.13768E-16,1.49703E-16,6.86248E-17,3.02246E-17,1.27899E-17,5.19998E-18,2.03126E-18,7.62353E-19,2.74901E-19,9.52409E-20,3.1703E-20,1.01392E-20,3.11556E-21,9.19808E-22,2.60907E-22,7.11055E-23,1.86187E-23,4.68406E-24,1.1322E-24,2.62939E-25,5.86695E-26,1.25776E-26,2.59068E-27,5.12692E-28,9.74828E-29,1.78085E-29,3.12575E-30,5.27121E-31,8.54073E-32,1.32956E-32,1.9886E-33,2.8577E-34
-7.2,1.69896E-34,1.23051E-33,8.56283E-33,5.72502E-32,3.6776E-31,2.26976E-30,1.34594E-29,7.66827E-29,4.19757E-28,2.20763E-27,1.11554E-26,5.41588E-26,2.52629E-25,1.1322E-24,4.87522E-24,2.01694E-23,8.01713E-23,3.06178E-22,1.12346E-21,3.96066E-21,1.34155E-20,4.3659E-20,1.36512E-19,4.10104E-19,1.18371E-18,3.28266E-18,8.74651E-18,2.23909E-17,5.50727E-17,1.30146E-16,2.95496E-16,6.44616E-16,1.35107E-15,2.72073E-15,5.26404E-15,9.78548E-15,1.74772E-14,2.99911E-14,4.94469E-14,7.83275E-14,1.19212E-13,1.74321E-13,2.44912E-13,3.30597E-13,4.28761E-13,5.34269E-13,6.39636E-13,7.35757E-13,8.13137E-13,8.63418E-13,8.80861E-13,8.63418E-13,8.13137E-13,7.35757E-13,6.39636E-13,5.34269E-13,4.28761E-13,3.30597E-13,2.44912E-13,1.74321E-13,1.19212E-13,7.83275E-14,4.94469E-14,2.99911E-14,1.74772E-14,9.78548E-15,5.26404E-15,2.72073E-15,1.35107E-15,6.44616E-16,2.95496E-16,1.30146E-16,5.50727E-17,2.23909E-17,8.74651E-18,3.28266E-18,1.18371E-18,4.10104E-19,1.36512E-19,4.3659E-20,1.34155E-20,3.96066E-21,1.12346E-21,3.06178E-22,8.01713E-23,2.01694E-23,4.87522E-24,1.1322E-24,2.52629E-25,5.41588E-26,1.11554E-26,2.20763E-27,4.19757E-28,7.66827E-29,1.34594E-29,2.26976E-30,3.6776E-31,5.72502E-32,8.56283E-33,1.23051E-33
-7,7.0288E-34,5.09078E-33,3.54255E-32,2.36851E-31,1.52147E-30,9.39029E-30,5.5683E-29,3.17245E-28,1.73658E-27,9.13324E-27,4.61511E-26,2.24061E-25,1.04515E-24,4.68406E-24,2.01694E-23,8.34431E-23,3.31678E-22,1.26669E-21,4.64787E-21,1.63857E-20,5.55015E-20,1.80623E-19,5.64765E-19,1.69665E-18,4.89716E-18,1.35808E-17,3.61854E-17,9.26338E-17,2.27843E-16,5.38428E-16,1.2225E-15,2.66685E-15,5.58955E-15,1.1256E-14,2.1778E-14,4.04837E-14,7.23054E-14,1.24077E-13,2.04568E-13,3.2405E-13,4.93192E-13,7.21188E-13,1.01323E-12,1.36772E-12,1.77384E-12,2.21033E-12,2.64625E-12,3.04391E-12,3.36404E-12,3.57207E-12,3.64423E-12,3.57207E-12,3.36404E-12,3.04391E-12,2.64625E-12,2.21033E-12,1.77384E-12,1.36772E-12,1.01323E-12,7.21188E-13,4.93192E-13,3.2405E-13,2.04568E-13,1.24077E-13,7.23054E-14,4.04837E-14,2.1778E-14,1.1256E-14,5.58955E-15,2.66685E-15,1.2225E-15,5.38428E-16,2.27843E-16,9.26338E-17,3.61854E-17,1.35808E-17,4.89716E-18,1.69665E-18,5.64765E-19,1.80623E-19,5.55015E-20,1.63857E-20,4.64787E-21,1.26669E-21,3.31678E-22,8.34431E-23,2.01694E-23,4.68406E-24,1.04515E-24,2.24061E-25,4.61511E-26,9.13324E-27,1.73658E-27,3.17245E-28,5.5683E-29,9.39029E-30,1.52147E-30,2.36851E-31,3.54255E-32,5.09078E-33
-6.8,2.79388E-33,2.02353E-32,1.40813E-31,9.41459E-31,6.04769E-30,3.73255E-29,2.21335E-28,1.26102E-27,6.90275E-27,3.63037E-26,1.83446E-25,8.90622E-25,4.15439E-24,1.86187E-23,8.01713E-23,3.31678E-22,1.31839E-21,5.03498E-21,1.84748E-20,6.51316E-20,2.20613E-19,7.17957E-19,2.24489E-18,6.74401E-18,1.94657E-17,5.39822E-17,1.43833E-16,3.6821E-16,9.05652E-16,2.1402E-15,4.85932E-15,1.06005E-14,2.22179E-14,4.47414E-14,8.65653E-14,1.60919E-13,2.87407E-13,4.93192E-13,8.13137E-13,1.28807E-12,1.96039E-12,2.86665E-12,4.02749E-12,5.43655E-12,7.05082E-12,8.78586E-12,1.05186E-11,1.20993E-11,1.33717E-11,1.41986E-11,1.44854E-11,1.41986E-11,1.33717E-11,1.20993E-11,1.05186E-11,8.78586E-12,7.05082E-12,5.43655E-12,4.02749E-12,2.86665E-12,1.96039E-12,1.28807E-12,8.13137E-13,4.93192E-13,2.87407E-13,1.60919E-13,8.65653E-14,4.47414E-14,2.22179E-14,1.06005E-14,4.85932E-15,2.1402E-15,9.05652E-16,3.6821E-16,1.43833E-16,5.39822E-17,1.94657E-17,6.74401E-18,2.24489E-18,7.17957E-19,2.20613E-19,6.51316E-20,1.84748E-20,5.03498E-21,1.31839E-21,3.31678E-22,8.01713E-23,1.86187E-23,4.15439E-24,8.90622E-25,1.83446E-25,3.63037E-26,6.90275E-27,1.26102E-27,2.21335E-28,3.73255E-29,6.04769E-30,9.41459E-31,1.40813E-31,2.02353E-32
-6.6,1.06699E-32,7.72797E-32,5.3777E-31,3.59547E-30,2.30964E-29,1.42548E-28,8.45287E-28,4.81589E-27,2.63619E-26,1.38646E-25,7.00588E-25,3.40133E-24,1.58658E-23,7.11055E-23,3.06178E-22,1.26669E-21,5.03498E-21,1.92288E-20,7.05562E-20,2.4874E-19,8.42531E-19,2.74191E-18,8.57332E-18,2.57557E-17,7.43404E-17,2.0616E-16,5.49305E-16,1.40621E-15,3.45872E-15,8.17352E-15,1.8558E-14,4.04837E-14,8.48512E-14,1.70869E-13,3.30597E-13,6.14556E-13,1.09762E-12,1.88352E-12,3.1054E-12,4.91919E-12,7.48682E-12,1.09479E-11,1.53812E-11,2.07624E-11,2.69274E-11,3.35536E-11,4.01709E-11,4.62076E-11,5.10673E-11,5.42251E-11,5.53205E-11,5.42251E-11,5.10673E-11,4.62076E-11,4.01709E-11,3.35536E-11,2.69274E-11,2.07624E-11,1.53812E-11,1.09479E-11,7.48682E-12,4.91919E-12,3.1054E-12,1.88352E-12,1.09762E-12,6.14556E-13,3.30597E-13,1.70869E-13,8.48512E-14,4.04837E-14,1.8558E-14,8.17352E-15,3.45872E-15,1.40621E-15,5.49305E-16,2.0616E-16,7.43404E-17,2.57557E-17,8.57332E-18,2.74191E-18,8.42531E-19,2.4874E-19,7.05562E-20,1.92288E-20,5.03498E-21,1.26669E-21,3.06178E-22,7.11055E-23,1.58658E-23,3.40133E-24,7.00588E-25,1.38646E-25,2.63619E-26,4.81589E-27,8.45287E-28,1.42548E-28,2.30964E-29,3.59547E-30,5.3777E-31,7.72797E-32
-6.4,3.91512E-32,2.83562E-31,1.97324E-30,1.31929E-29,8.47475E-29,5.23049E-28,3.10161E-27,1.76709E-26,9.67297E-26,5.08732E-25,2.57067E-24,1.24805E-23,5.82163E-23,2.60907E-22,1.12346E-21,4.64787E-21,1.84748E-20,7.05562E-20,2.58892E-19,9.12702E-19,3.09149E-18,1.00609E-17,3.1458E-17,9.45052E-17,2.72777E-16,7.56464E-16,2.01556E-15,5.15981E-15,1.26911E-14,2.99911E-14,6.80947E-14,1.48547E-13,3.11344E-13,6.2697E-13,1.21306E-12,2.25499E-12,4.02749E-12,6.91121E-12,1.13947E-11,1.805E-11,2.74714E-11,4.01709E-11,5.64381E-11,7.61834E-11,9.88046E-11,1.23118E-10,1.47399E-10,1.69549E-10,1.87381E-10,1.98968E-10,2.02987E-10,1.98968E-10,1.87381E-10,1.69549E-10,1.47399E-10,1.23118E-10,9.88046E-11,7.61834E-11,5.64381E-11,4.01709E-11,2.74714E-11,1.805E-11,1.13947E-11,6.91121E-12,4.02749E-12,2.25499E-12,1.21306E-12,6.2697E-13,3.11344E-13,1.48547E-13,6.80947E-14,2.99911E-14,1.26911E-14,5.15981E-15,2.01556E-15,7.56464E-16,2.72777E-16,9.45052E-17,3.1458E-17,1.00609E-17,3.09149E-18,9.12702E-19,2.58892E-19,7.05562E-20,1.84748E-20,4.64787E-21,1.12346E-21,2.60907E-22,5.82163E-23,1.24805E-23,2.57067E-24,5.08732E-25,9.67297E-26,1.76709E-26,3.10161E-27,5.23049E-28,8.47475E-29,1.31929E-29,1.97324E-30,2.83562E-31
-6.2,1.38024E-31,9.99676E-31,6.95649E-30,4.65104E-29,2.98771E-28,1.84397E-27,1.09345E-26,6.22974E-26,3.41013E-25,1.79349E-24,9.06268E-24,4.39989E-23,2.05237E-22,9.19808E-22,3.96066E-21,1.63857E-20,6.51316E-20,2.4874E-19,9.12702E-19,3.21766E-18,1.08988E-17,3.54688E-17,1.10903E-16,3.33171E-16,9.61654E-16,2.66685E-15,7.10571E-15,1.81905E-14,4.47414E-14,1.05731E-13,2.40063E-13,5.2369E-13,1.09762E-12,2.21033E-12,4.27654E-12,7.94978E-12,1.41986E-11,2.43649E-11,4.01709E-11,6.36338E-11,9.68481E-11,1.4162E-10,1.98968E-10,2.68579E-10,3.48328E-10,4.34043E-10,5.19644E-10,5.97733E-10,6.60597E-10,7.01446E-10,7.15616E-10,7.01446E-10,6.60597E-10,5.97733E-10,5.19644E-10,4.34043E-10,3.48328E-10,2.68579E-10,1.98968E-10,1.4162E-10,9.68481E-11,6.36338E-11,4.01709E-11,2.43649E-11,1.41986E-11,7.94978E-12,4.27654E-12,2.21033E-12,1.09762E-12,5.2369E-13,2.40063E-13,1.05731E-13,4.47414E-14,1.81905E-14,7.10571E-15,2.66685E-15,9.61654E-16,3.33171E-16,1.10903E-16,3.54688E-17,1.08988E-17,3.21766E-18,9.12702E-19,2.4874E-19,6.51316E-20,1.63857E-20,3.96066E-21,9.19808E-22,2.05237E-22,4.39989E-23,9.06268E-24,1.79349E-24,3.41013E-25,6.22974E-26,1.09345E-26,1.84397E-27,2.98771E-28,4.65104E-29,6.95649E-30,9.99676E-31
-6,4.67515E-31,3.38609E-30,2.3563E-29,1.57539E-28,1.01199E-27,6.24587E-27,3.70371E-26,2.11013E-25,1.15507E-24,6.0749E-24,3.0697E-23,1.49033E-22,6.95176E-22,3.11556E-21,1.34155E-20,5.55015E-20,2.20613E-19,8.42531E-19,3.09149E-18,1.08988E-17,3.69164E-17,1.2014E-16,3.75649E-16,1.12851E-15,3.2573E-15,9.03313E-15,2.40684E-14,6.16146E-14,1.51548E-13,3.58131E-13,8.13137E-13,1.77384E-12,3.71784E-12,7.48682E-12,1.44854E-11,2.69274E-11,4.80934E-11,8.25285E-11,1.36067E-10,2.15539E-10,3.28043E-10,4.79692E-10,6.73942E-10,9.09727E-10,1.17985E-9,1.47019E-9,1.76013E-9,2.02463E-9,2.23757E-9,2.37593E-9,2.42393E-9,2.37593E-9,2.23757E-9,2.02463E-9,1.76013E-9,1.47019E-9,1.17985E-9,9.09727E-10,6.73942E-10,4.79692E-10,3.28043E-10,2.15539E-10,1.36067E-10,8.25285E-11,4.80934E-11,2.69274E-11,1.44854E-11,7.48682E-12,3.71784E-12,1.77384E-12,8.13137E-13,3.58131E-13,1.51548E-13,6.16146E-14,2.40684E-14,9.03313E-15,3.2573E-15,1.12851E-15,3.75649E-16,1.2014E-16,3.69164E-17,1.08988E-17,3.09149E-18,8.42531E-19,2.20613E-19,5.55015E-20,1.34155E-20,3.11556E-21,6.95176E-22,1.49033E-22,3.0697E-23,6.0749E-24,1.15507E-24,2.11013E-25,3.70371E-26,6.24587E-27,1.01199E-27,1.57539E-28,2.3563E-29,3.38609E-30
-5.8,1.52147E-30,1.10196E-29,7.66827E-29,5.12692E-28,3.2934E-27,2.03264E-26,1.20533E-25,6.86716E-25,3.75905E-24,1.977E-23,9.98995E-23,4.85008E-22,2.26236E-21,1.01392E-20,4.3659E-20,1.80623E-19,7.17957E-19,2.74191E-18,1.00609E-17,3.54688E-17,1.2014E-16,3.90979E-16,1.2225E-15,3.6726E-15,1.06005E-14,2.93972E-14,7.83275E-14,2.00517E-13,4.93192E-13,1.16549E-12,2.64625E-12,5.77272E-12,1.20993E-11,2.43649E-11,4.7141E-11,8.76318E-11,1.56514E-10,2.68579E-10,4.42811E-10,7.01446E-10,1.06757E-9,1.5611E-9,2.19326E-9,2.96059E-9,3.83968E-9,4.78453E-9,5.72813E-9,6.58892E-9,7.28188E-9,7.73216E-9,7.88836E-9,7.73216E-9,7.28188E-9,6.58892E-9,5.72813E-9,4.78453E-9,3.83968E-9,2.96059E-9,2.19326E-9,1.5611E-9,1.06757E-9,7.01446E-10,4.42811E-10,2.68579E-10,1.56514E-10,8.76318E-11,4.7141E-11,2.43649E-11,1.20993E-11,5.77272E-12,2.64625E-12,1.16549E-12,4.93192E-13,2.00517E-13,7.83275E-14,2.93972E-14,1.06005E-14,3.6726E-15,1.2225E-15,3.90979E-16,1.2014E-16,3.54688E-17,1.00609E-17,2.74191E-18,7.17957E-19,1.80623E-19,4.3659E-20,1.01392E-20,2.26236E-21,4.85008E-22,9.98995E-23,1.977E-23,3.75905E-24,6.86716E-25,1.20533E-25,2.03264E-26,3.2934E-27,5.12692E-28,7.66827E-29,1.10196E-29
-5.6,4.75728E-30,3.44557E-29,2.39769E-28,1.60307E-27,1.02977E-26,6.35559E-26,3.76878E-25,2.1472E-24,1.17537E-23,6.18162E-23,3.12363E-22,1.51651E-21,7.07389E-21,3.1703E-20,1.36512E-19,5.64765E-19,2.24489E-18,8.57332E-18,3.1458E-17,1.10903E-16,3.75649E-16,1.2225E-15,3.82248E-15,1.14834E-14,3.31452E-14,9.19182E-14,2.44912E-13,6.2697E-13,1.5421E-12,3.64423E-12,8.27421E-12,1.805E-11,3.78316E-11,7.61834E-11,1.47399E-10,2.74004E-10,4.89382E-10,8.39783E-10,1.38457E-9,2.19326E-9,3.33806E-9,4.88119E-9,6.85781E-9,9.25708E-9,1.20058E-8,1.49601E-8,1.79105E-8,2.0602E-8,2.27687E-8,2.41767E-8,2.46651E-8,2.41767E-8,2.27687E-8,2.0602E-8,1.79105E-8,1.49601E-8,1.20058E-8,9.25708E-9,6.85781E-9,4.88119E-9,3.33806E-9,2.19326E-9,1.38457E-9,8.39783E-10,4.89382E-10,2.74004E-10,1.47399E-10,7.61834E-11,3.78316E-11,1.805E-11,8.27421E-12,3.64423E-12,1.5421E-12,6.2697E-13,2.44912E-13,9.19182E-14,3.31452E-14,1.14834E-14,3.82248E-15,1.2225E-15,3.75649E-16,1.10903E-16,3.1458E-17,8.57332E-18,2.24489E-18,5.64765E-19,1.36512E-19,3.1703E-20,7.07389E-21,1.51651E-21,3.12363E-22,6.18162E-23,1.17537E-23,2.1472E-24,3.76878E-25,6.35559E-26,1.02977E-26,1.60307E-27,2.39769E-28,3.44557E-29
-5.4,1.42917E-29,1.03511E-28,7.20306E-28,4.81589E-27,3.0936E-26,1.90933E-25,1.1322E-24,6.45055E-24,3.531E-23,1.85706E-22,9.3839E-22,4.55584E-21,2.12511E-20,9.52409E-20,4.10104E-19,1.69665E-18,6.74401E-18,2.57557E-17,9.45052E-17,3.33171E-16,1.12851E-15,3.6726E-15,1.14834E-14,3.44979E-14,9.95738E-14,2.76138E-13,7.35757E-13,1.88352E-12,4.63272E-12,1.09479E-11,2.48571E-11,5.42251E-11,1.13652E-10,2.28868E-10,4.42811E-10,8.23155E-10,1.47019E-9,2.52285E-9,4.15947E-9,6.58892E-9,1.00281E-8,1.46639E-8,2.0602E-8,2.78098E-8,3.60674E-8,4.49427E-8,5.38062E-8,6.18919E-8,6.84011E-8,7.26308E-8,7.4098E-8,7.26308E-8,6.84011E-8,6.18919E-8,5.38062E-8,4.49427E-8,3.60674E-8,2.78098E-8,2.0602E-8,1.46639E-8,1.00281E-8,6.58892E-9,4.15947E-9,2.52285E-9,1.47019E-9,8.23155E-10,4.42811E-10,2.28868E-10,1.13652E-10,5.42251E-11,2.48571E-11,1.09479E-11,4.63272E-12,1.88352E-12,7.35757E-13,2.76138E-13,9.95738E-14,3.44979E-14,1.14834E-14,3.6726E-15,1.12851E-15,3.33171E-16,9.45052E-17,2.57557E-17,6.74401E-18,1.69665E-18,4.10104E-19,9.52409E-20,2.12511E-20,4.55584E-21,9.3839E-22,1.85706E-22,3.531E-23,6.45055E-24,1.1322E-24,1.90933E-25,3.0936E-26,4.81589E-27,7.20306E-28,1.03511E-28
-5.2,4.1251E-29,2.98771E-28,2.07907E-27,1.39004E-26,8.92928E-26,5.51102E-25,3.26796E-24,1.86187E-23,1.01918E-22,5.36017E-22,2.70854E-21,1.31498E-20,6.13386E-20,2.74901E-19,1.18371E-18,4.89716E-18,1.94657E-17,7.43404E-17,2.72777E-16,9.61654E-16,3.2573E-15,1.06005E-14,3.31452E-14,9.95738E-14,2.87407E-13,7.97036E-13,2.12367E-12,5.43655E-12,1.33717E-11,3.15996E-11,7.17469E-11,1.56514E-10,3.28043E-10,6.60597E-10,1.27812E-9,2.37593E-9,4.2435E-9,7.28188E-9,1.20058E-8,1.90181E-8,2.89447E-8,4.23255E-8,5.94651E-8,8.02694E-8,1.04104E-7,1.29721E-7,1.55305E-7,1.78643E-7,1.97431E-7,2.09639E-7,2.13874E-7,2.09639E-7,1.97431E-7,1.78643E-7,1.55305E-7,1.29721E-7,1.04104E-7,8.02694E-8,5.94651E-8,4.23255E-8,2.89447E-8,1.90181E-8,1.20058E-8,7.28188E-9,4.2435E-9,2.37593E-9,1.27812E-9,6.60597E-10,3.28043E-10,1.56514E-10,7.17469E-11,3.15996E-11,1.33717E-11,5.43655E-12,2.12367E-12,7.97036E-13,2.87407E-13,9.95738E-14,3.31452E-14,1.06005E-14,3.2573E-15,9.61654E-16,2.72777E-16,7.43404E-17,1.94657E-17,4.89716E-18,1.18371E-18,2.74901E-19,6.13386E-20,1.31498E-20,2.70854E-21,5.36017E-22,1.01918E-22,1.86187E-23,3.26796E-24,5.51102E-25,8.92928E-26,1.39004E-26,2.07907E-27,2.98771E-28
-5,1.14397E-28,8.28549E-28,5.76566E-27,3.85486E-26,2.47626E-25,1.52831E-24,9.06268E-24,5.16332E-23,2.82638E-22,1.48648E-21,7.51131E-21,3.64671E-20,1.70104E-19,7.62353E-19,3.28266E-18,1.35808E-17,5.39822E-17,2.0616E-16,7.56464E-16,2.66685E-15,9.03313E-15,2.93972E-14,9.19182E-14,2.76138E-13,7.97036E-13,2.21033E-12,5.88934E-12,1.50766E-11,3.70825E-11,8.76318E-11,1.98968E-10,4.34043E-10,9.09727E-10,1.83196E-9,3.54447E-9,6.58892E-9,1.17681E-8,2.01941E-8,3.32944E-8,5.27408E-8,8.02694E-8,1.17377E-7,1.64908E-7,2.22603E-7,2.887E-7,3.59743E-7,4.3069E-7,4.95412E-7,5.47514E-7,5.81371E-7,5.93115E-7,5.81371E-7,5.47514E-7,4.95412E-7,4.3069E-7,3.59743E-7,2.887E-7,2.22603E-7,1.64908E-7,1.17377E-7,8.02694E-8,5.27408E-8,3.32944E-8,2.01941E-8,1.17681E-8,6.58892E-9,3.54447E-9,1.83196E-9,9.09727E-10,4.34043E-10,1.98968E-10,8.76318E-11,3.70825E-11,1.50766E-11,5.88934E-12,2.21033E-12,7.97036E-13,2.76138E-13,9.19182E-14,2.93972E-14,9.03313E-15,2.66685E-15,7.56464E-16,2.0616E-16,5.39822E-17,1.35808E-17,3.28266E-18,7.62353E-19,1.70104E-19,3.64671E-20,7.51131E-21,1.48648E-21,2.82638E-22,5.16332E-23,9.06268E-24,1.52831E-24,2.47626E-25,3.85486E-26,5.76566E-27,8.28549E-28
-4.8,3.04806E-28,2.20763E-27,1.53624E-26,1.02711E-25,6.59789E-25,4.07213E-24,2.41471E-23,1.37574E-22,7.53075E-22,3.96066E-21,2.00136E-20,9.71649E-20,4.53235E-19,2.03126E-18,8.74651E-18,3.61854E-17,1.43833E-16,5.49305E-16,2.01556E-15,7.10571E-15,2.40684E-14,7.83275E-14,2.44912E-13,7.35757E-13,2.12367E-12,5.88934E-12,1.56919E-11,4.01709E-11,9.88046E-11,2.33491E-10,5.30142E-10,1.15649E-9,2.42393E-9,4.88119E-9,9.44409E-9,1.75559E-8,3.13555E-8,5.38062E-8,8.87114E-8,1.40525E-7,2.13874E-7,3.12745E-7,4.39391E-7,5.93115E-7,7.69229E-7,9.58518E-7,1.14755E-6,1.32E-6,1.45883E-6,1.54904E-6,1.58033E-6,1.54904E-6,1.45883E-6,1.32E-6,1.14755E-6,9.58518E-7,7.69229E-7,5.93115E-7,4.39391E-7,3.12745E-7,2.13874E-7,1.40525E-7,8.87114E-8,5.38062E-8,3.13555E-8,1.75559E-8,9.44409E-9,4.88119E-9,2.42393E-9,1.15649E-9,5.30142E-10,2.33491E-10,9.88046E-11,4.01709E-11,1.56919E-11,5.88934E-12,2.12367E-12,7.35757E-13,2.44912E-13,7.83275E-14,2.40684E-14,7.10571E-15,2.01556E-15,5.49305E-16,1.43833E-16,3.61854E-17,8.74651E-18,2.03126E-18,4.53235E-19,9.71649E-20,2.00136E-20,3.96066E-21,7.53075E-22,1.37574E-22,2.41471E-23,4.07213E-24,6.59789E-25,1.02711E-25,1.53624E-26,2.20763E-27
-4.6,7.80298E-28,5.6515E-27,3.93274E-26,2.62939E-25,1.68905E-24,1.04246E-23,6.18162E-23,3.52188E-22,1.92786E-21,1.01392E-20,5.12343E-20,2.4874E-19,1.16027E-18,5.19998E-18,2.23909E-17,9.26338E-17,3.6821E-16,1.40621E-15,5.15981E-15,1.81905E-14,6.16146E-14,2.00517E-13,6.2697E-13,1.88352E-12,5.43655E-12,1.50766E-11,4.01709E-11,1.02837E-10,2.52938E-10,5.97733E-10,1.35715E-9,2.96059E-9,6.20521E-9,1.24958E-8,2.41767E-8,4.49427E-8,8.02694E-8,1.37743E-7,2.271E-7,3.59743E-7,5.47514E-7,8.00622E-7,1.12483E-6,1.51836E-6,1.96921E-6,2.45379E-6,2.93772E-6,3.37918E-6,3.73457E-6,3.96551E-6,4.04561E-6,3.96551E-6,3.73457E-6,3.37918E-6,2.93772E-6,2.45379E-6,1.96921E-6,1.51836E-6,1.12483E-6,8.00622E-7,5.47514E-7,3.59743E-7,2.271E-7,1.37743E-7,8.02694E-8,4.49427E-8,2.41767E-8,1.24958E-8,6.20521E-9,2.96059E-9,1.35715E-9,5.97733E-10,2.52938E-10,1.02837E-10,4.01709E-11,1.50766E-11,5.43655E-12,1.88352E-12,6.2697E-13,2.00517E-13,6.16146E-14,1.81905E-14,5.15981E-15,1.40621E-15,3.6821E-16,9.26338E-17,2.23909E-17,5.19998E-18,1.16027E-18,2.4874E-19,5.12343E-20,1.01392E-20,1.92786E-21,3.52188E-22,6.18162E-23,1.04246E-23,1.68905E-24,2.62939E-25,3.93274E-26,5.6515E-27
-4.4,1.91922E-27,1.39004E-26,9.67297E-26,6.46725E-25,4.15439E-24,2.56403E-23,1.52043E-22,8.66243E-22,4.74177E-21,2.49384E-20,1.26016E-19,6.11803E-19,2.85381E-18,1.27899E-17,5.50727E-17,2.27843E-16,9.05652E-16,3.45872E-15,1.26911E-14,4.47414E-14,1.51548E-13,4.93192E-13,1.5421E-12,4.63272E-12,1.33717E-11,3.70825E-11,9.88046E-11,2.52938E-10,6.22127E-10,1.47019E-9,3.33806E-9,7.28188E-9,1.52623E-8,3.07346E-8,5.94651E-8,1.10541E-7,1.97431E-7,3.38793E-7,5.58575E-7,8.84824E-7,1.34667E-6,1.96921E-6,2.76664E-6,3.73457E-6,4.84348E-6,6.03535E-6,7.22562E-6,8.31145E-6,9.18557E-6,9.75357E-6,9.95061E-6,9.75357E-6,9.18557E-6,8.31145E-6,7.22562E-6,6.03535E-6,4.84348E-6,3.73457E-6,2.76664E-6,1.96921E-6,1.34667E-6,8.84824E-7,5.58575E-7,3.38793E-7,1.97431E-7,1.10541E-7,5.94651E-8,3.07346E-8,1.52623E-8,7.28188E-9,3.33806E-9,1.47019E-9,6.22127E-10,2.52938E-10,9.88046E-11,3.70825E-11,1.33717E-11,4.63272E-12,1.5421E-12,4.93192E-13,1.51548E-13,4.47414E-14,1.26911E-14,3.45872E-15,9.05652E-16,2.27843E-16,5.50727E-17,1.27899E-17,2.85381E-18,6.11803E-19,1.26016E-19,2.49384E-20,4.74177E-21,8.66243E-22,1.52043E-22,2.56403E-23,4.15439E-24,6.46725E-25,9.67297E-26,1.39004E-26
-4.2,4.53543E-27,3.2849E-26,2.28588E-25,1.52831E-24,9.81749E-24,6.05921E-23,3.59303E-22,2.04707E-21,1.12056E-20,5.89335E-20,2.97796E-19,1.44579E-18,6.74401E-18,3.02246E-17,1.30146E-16,5.38428E-16,2.1402E-15,8.17352E-15,2.99911E-14,1.05731E-13,3.58131E-13,1.16549E-12,3.64423E-12,1.09479E-11,3.15996E-11,8.76318E-11,2.33491E-10,5.97733E-10,1.47019E-9,3.47429E-9,7.88836E-9,1.72082E-8,3.60674E-8,7.26308E-8,1.40525E-7,2.61227E-7,4.66561E-7,8.00622E-7,1.32E-6,2.09098E-6,3.18239E-6,4.65356E-6,6.53801E-6,8.8254E-6,1.14459E-5,1.42625E-5,1.70753E-5,1.96413E-5,2.1707E-5,2.30493E-5,2.35149E-5,2.30493E-5,2.1707E-5,1.96413E-5,1.70753E-5,1.42625E-5,1.14459E-5,8.8254E-6,6.53801E-6,4.65356E-6,3.18239E-6,2.09098E-6,1.32E-6,8.00622E-7,4.66561E-7,2.61227E-7,1.40525E-7,7.26308E-8,3.60674E-8,1.72082E-8,7.88836E-9,3.47429E-9,1.47019E-9,5.97733E-10,2.33491E-10,8.76318E-11,3.15996E-11,1.09479E-11,3.64423E-12,1.16549E-12,3.58131E-13,1.05731E-13,2.99911E-14,8.17352E-15,2.1402E-15,5.38428E-16,1.30146E-16,3.02246E-17,6.74401E-18,1.44579E-18,2.97796E-19,5.89335E-20,1.12056E-20,2.04707E-21,3.59303E-22,6.05921E-23,9.81749E-24,1.52831E-24,2.28588E-25,3.2849E-26
-4,1.02977E-26,7.45836E-26,5.19009E-25,3.47004E-24,2.22906E-23,1.37574E-22,8.15797E-22,4.64787E-21,2.54422E-20,1.33809E-19,6.76147E-19,3.28266E-18,1.53123E-17,6.86248E-17,2.95496E-16,1.2225E-15,4.85932E-15,1.8558E-14,6.80947E-14,2.40063E-13,8.13137E-13,2.64625E-12,8.27421E-12,2.48571E-11,7.17469E-11,1.98968E-10,5.30142E-10,1.35715E-9,3.33806E-9,7.88836E-9,1.79105E-8,3.90713E-8,8.1891E-8,1.64908E-7,3.19063E-7,5.93115E-7,1.05933E-6,1.81781E-6,2.99707E-6,4.74757E-6,7.22562E-6,1.05659E-5,1.48446E-5,2.00381E-5,2.5988E-5,3.2383E-5,3.87695E-5,4.45955E-5,4.92857E-5,5.23333E-5,5.33905E-5,5.23333E-5,4.92857E-5,4.45955E-5,3.87695E-5,3.2383E-5,2.5988E-5,2.00381E-5,1.48446E-5,1.05659E-5,7.22562E-6,4.74757E-6,2.99707E-6,1.81781E-6,1.05933E-6,5.93115E-7,3.19063E-7,1.64908E-7,8.1891E-8,3.90713E-8,1.79105E-8,7.88836E-9,3.33806E-9,1.35715E-9,5.30142E-10,1.98968E-10,7.17469E-11,2.48571E-11,8.27421E-12,2.64625E-12,8.13137E-13,2.40063E-13,6.80947E-14,1.8558E-14,4.85932E-15,1.2225E-15,2.95496E-16,6.86248E-17,1.53123E-17,3.28266E-18,6.76147E-19,1.33809E-19,2.54422E-20,4.64787E-21,8.15797E-22,1.37574E-22,2.22906E-23,3.47004E-24,5.19009E-25,7.45836E-26
-3.8,2.24641E-26,1.62702E-25,1.1322E-24,7.56979E-24,4.86263E-23,3.00115E-22,1.77964E-21,1.01392E-20,5.55015E-20,2.919E-19,1.475E-18,7.16104E-18,3.34033E-17,1.49703E-16,6.44616E-16,2.66685E-15,1.06005E-14,4.04837E-14,1.48547E-13,5.2369E-13,1.77384E-12,5.77272E-12,1.805E-11,5.42251E-11,1.56514E-10,4.34043E-10,1.15649E-9,2.96059E-9,7.28188E-9,1.72082E-8,3.90713E-8,8.5233E-8,1.78643E-7,3.59743E-7,6.96027E-7,1.29386E-6,2.31089E-6,3.96551E-6,6.53801E-6,1.03567E-5,1.57625E-5,2.30493E-5,3.2383E-5,4.37125E-5,5.6692E-5,7.06426E-5,8.45746E-5,9.72839E-5,1.07515E-4,1.14164E-4,1.1647E-4,1.14164E-4,1.07515E-4,9.72839E-5,8.45746E-5,7.06426E-5,5.6692E-5,4.37125E-5,3.2383E-5,2.30493E-5,1.57625E-5,1.03567E-5,6.53801E-6,3.96551E-6,2.31089E-6,1.29386E-6,6.96027E-7,3.59743E-7,1.78643E-7,8.5233E-8,3.90713E-8,1.72082E-8,7.28188E-9,2.96059E-9,1.15649E-9,4.34043E-10,1.56514E-10,5.42251E-11,1.805E-11,5.77272E-12,1.77384E-12,5.2369E-13,1.48547E-13,4.04837E-14,1.06005E-14,2.66685E-15,6.44616E-16,1.49703E-16,3.34033E-17,7.16104E-18,1.475E-18,2.919E-19,5.55015E-20,1.01392E-20,1.77964E-21,3.00115E-22,4.86263E-23,7.56979E-24,1.1322E-24,1.62702E-25
-3.6,4.70834E-26,3.41013E-25,2.37302E-24,1.58658E-23,1.01918E-22,6.29021E-22,3.73001E-21,2.12511E-20,1.16328E-19,6.11803E-19,3.09149E-18,1.50091E-17,7.00112E-17,3.13768E-16,1.35107E-15,5.58955E-15,2.22179E-14,8.48512E-14,3.11344E-13,1.09762E-12,3.71784E-12,1.20993E-11,3.78316E-11,1.13652E-10,3.28043E-10,9.09727E-10,2.42393E-9,6.20521E-9,1.52623E-8,3.60674E-8,8.1891E-8,1.78643E-7,3.74424E-7,7.53997E-7,1.45883E-6,2.71186E-6,4.84348E-6,8.31145E-6,1.37033E-5,2.1707E-5,3.30372E-5,4.83098E-5,6.78727E-5,9.16185E-5,1.18823E-4,1.48062E-4,1.77263E-4,2.03901E-4,2.25345E-4,2.3928E-4,2.44114E-4,2.3928E-4,2.25345E-4,2.03901E-4,1.77263E-4,1.48062E-4,1.18823E-4,9.16185E-5,6.78727E-5,4.83098E-5,3.30372E-5,2.1707E-5,1.37033E-5,8.31145E-6,4.84348E-6,2.71186E-6,1.45883E-6,7.53997E-7,3.74424E-7,1.78643E-7,8.1891E-8,3.60674E-8,1.52623E-8,6.20521E-9,2.42393E-9,9.09727E-10,3.28043E-10,1.13652E-10,3.78316E-11,1.20993E-11,3.71784E-12,1.09762E-12,3.11344E-13,8.48512E-14,2.22179E-14,5.58955E-15,1.35107E-15,3.13768E-16,7.00112E-17,1.50091E-17,3.09149E-18,6.11803E-19,1.16328E-19,2.12511E-20,3.73001E-21,6.29021E-22,1.01918E-22,1.58658E-23,2.37302E-24,3.41013E-25
